image: isuzu_last_demo.pgm
resolution: 0.020000
origin: [-12.510000, -7.510001, 0.000000]
negate: 0
occupied_thresh: 0.65
free_thresh: 0.196

