image: isuzu_mayis.pgm
resolution: 0.020000
origin: [-21.010000, -35.009998, 0.000000]
negate: 0
occupied_thresh: 0.65
free_thresh: 0.196

