image: moobot_test_platform_v5_20mm.pgm
resolution: 0.020000
origin: [-20.570000, -20.570000, 0.000000]
negate: 0
occupied_thresh: 0.65
free_thresh: 0.196

