image: moobot_test_platform_v27_2.pgm
resolution: 0.020000
origin: [-18.010000, -30.010000, 0.000000]
negate: 0
occupied_thresh: 0.65
free_thresh: 0.196

