image: moobot_test_platform_v27_4_edited.pgm
resolution: 0.020000
origin: [-10.010000, -10.010000, 0.000000]
negate: 0
occupied_thresh: 0.65
free_thresh: 0.196

