image: moobot_test_platform_v27_6.pgm
resolution: 0.020000
origin: [-3.610000, -3.610000, 0.000000]
negate: 0
occupied_thresh: 0.65
free_thresh: 0.196

