image: moobot_test_platform_v27_7.pgm
resolution: 0.050000
origin: [-9.024999, -9.024999, 0.000000]
negate: 0
occupied_thresh: 0.65
free_thresh: 0.196

