image: moobot_test_platform_v10_20mm.pgm
resolution: 0.020000
origin: [-50.009998, -50.009998, 0.000000]
negate: 0
occupied_thresh: 0.65
free_thresh: 0.196

