image: factory_wide_test_2.pgm
resolution: 0.020000
origin: [-12.298000, -12.298000, 0.000000]
negate: 0
occupied_thresh: 0.65
free_thresh: 0.196

